<?xml version="1.0" encoding="UTF-8" standalone="no"?>
<svg
   xmlns:dc="http://purl.org/dc/elements/1.1/"
   xmlns:cc="http://creativecommons.org/ns#"
   xmlns:rdf="http://www.w3.org/1999/02/22-rdf-syntax-ns#"
   xmlns:svg="http://www.w3.org/2000/svg"
   xmlns="http://www.w3.org/2000/svg"
   xmlns:sodipodi="http://sodipodi.sourceforge.net/DTD/sodipodi-0.dtd"
   xmlns:inkscape="http://www.inkscape.org/namespaces/inkscape"
   inkscape:version="1.0.1 (3bc2e813f5, 2020-09-07)"
   sodipodi:docname="drawing.svg"
   id="svg8"
   version="1.1"
   viewBox="0 0 210 297"
   height="297mm"
   width="210mm">
  <defs
     id="defs2" />
  <sodipodi:namedview
     id="base"
     pagecolor="#ffffff"
     bordercolor="#666666"
     borderopacity="1.0"
     inkscape:pageopacity="0.0"
     inkscape:pageshadow="2"
     inkscape:zoom="1.3127749"
     inkscape:cx="414.16807"
     inkscape:cy="290.46481"
     inkscape:document-units="mm"
     inkscape:current-layer="layer1"
     inkscape:document-rotation="0"
     showgrid="false"
     inkscape:window-width="1920"
     inkscape:window-height="1001"
     inkscape:window-x="-9"
     inkscape:window-y="-9"
     inkscape:window-maximized="1" />
  <metadata
     id="metadata5">
    <rdf:RDF>
      <cc:Work
         rdf:about="">
        <dc:format>image/svg+xml</dc:format>
        <dc:type
           rdf:resource="http://purl.org/dc/dcmitype/StillImage" />
        <dc:title />
      </cc:Work>
    </rdf:RDF>
  </metadata>
  <g
     inkscape:label="Layer 1"
     inkscape:groupmode="layer"
     id="layer1">
    <g
       inkscape:label="Rendered Gears"
       transform="translate(43.609317,42.020332)"
       id="g173">
      <path
         style="fill:none;stroke:#000000;stroke-width:0.264583"
         d="m 30.2091,-1.35472 0.5771,-0.02588 1.0203,0.13092 1.6076,0.49869 v 1.50198 l -1.6076,0.49869 -1.0203,0.13092 -0.5771,-0.02588 -0.16,2.03298 0.574,0.06471 0.9873,0.28892 1.5098,0.74404 -0.235,1.48349 -1.6658,0.24106 -1.0282,-0.0303 -0.566,-0.11584 -0.476,1.98292 0.5568,0.15372 0.9299,0.4398 1.3749,0.97107 -0.4642,1.42851 -1.683,-0.0225 -1.0108,-0.1908 -0.5409,-0.203 -0.7804,1.8841 0.5259,0.2389 0.8497,0.5798 1.206,1.1742 -0.6819,1.3383 -1.6588,-0.2855 -0.9685,-0.3466 -0.5024,-0.285 -1.0656,1.7388 0.4821,0.3182 0.7485,0.7056 1.0075,1.3485 -0.8829,1.2151 -1.5937,-0.5415 -0.9024,-0.4938 -0.4516,-0.3602 -1.3244,1.5507 0.4263,0.3898 0.6289,0.814 0.7842,1.4894 -1.0621,1.0621 -1.4894,-0.7842 -0.814,-0.6289 -0.3898,-0.4263 -1.5507,1.3244 0.3602,0.4516 0.4938,0.9024 0.5415,1.5937 -1.2151,0.8829 -1.3485,-1.0075 -0.7056,-0.7485 -0.3182,-0.4821 -1.7388,1.0656 0.285,0.5024 0.3466,0.9685 0.2855,1.6588 -1.3383,0.6819 -1.1742,-1.206 -0.5798,-0.8497 -0.2389,-0.5259 -1.8841,0.7804 0.203,0.5409 0.1908,1.0108 0.0225,1.683 -1.42851,0.4642 -0.97107,-1.3749 -0.4398,-0.9299 -0.15372,-0.5568 -1.98292,0.476 0.11584,0.566 0.0303,1.0282 -0.24106,1.6658 -1.48349,0.235 -0.74404,-1.5098 -0.28892,-0.9873 -0.06471,-0.574 -2.03298,0.16 0.02588,0.5771 -0.13092,1.0203 -0.49869,1.6076 h -1.50198 l -0.49869,-1.6076 -0.13092,-1.0203 0.02588,-0.5771 -2.03298,-0.16 -0.06471,0.574 -0.28892,0.9873 -0.74404,1.5098 -1.48349,-0.235 -0.24106,-1.6658 0.0303,-1.0282 0.11584,-0.566 -1.98292,-0.476 -0.15372,0.5568 -0.4398,0.9299 -0.97107,1.3749 -1.42851,-0.4642 0.0225,-1.683 0.1908,-1.0108 0.203,-0.5409 -1.8841,-0.7804 -0.2389,0.5259 -0.5798,0.8497 -1.1742,1.206 -1.3383,-0.6819 0.2855,-1.6588 0.3466,-0.9685 0.285,-0.5024 -1.7388,-1.0656 -0.3182,0.4821 -0.7056,0.7485 -1.3485,1.0075 -1.2151,-0.8829 0.5415,-1.5937 0.4938,-0.9024 0.3602,-0.4516 -1.5507,-1.3244 -0.3898,0.4263 -0.814,0.6289 -1.4894,0.7842 -1.0621,-1.0621 0.7842,-1.4894 0.6289,-0.814 0.4263,-0.3898 -1.3244,-1.5507 -0.4516,0.3602 -0.9024,0.4938 -1.5937,0.5415 -0.8829,-1.2151 1.0075,-1.3485 0.7485,-0.7056 0.4821,-0.3182 -1.0656,-1.7388 -0.5024,0.285 -0.9685,0.3466 -1.6588,0.2855 -0.6819,-1.3383 1.206,-1.1742 0.8497,-0.5798 0.5259,-0.2389 -0.7804,-1.8841 -0.5409,0.203 -1.0108,0.1908 -1.683,0.0225 -0.4642,-1.42851 1.3749,-0.97107 0.9299,-0.4398 0.5568,-0.15372 -0.476,-1.98292 -0.566,0.11584 -1.0282,0.0303 -1.6658,-0.24106 -0.235,-1.48349 1.5098,-0.74404 0.9873,-0.28892 0.574,-0.06471 -0.16,-2.03298 -0.5771,0.02588 -1.0203,-0.13092 -1.6076,-0.49869 v -1.50198 l 1.6076,-0.49869 1.0203,-0.13092 0.5771,0.02588 0.16,-2.03298 -0.574,-0.06471 -0.9873,-0.28892 -1.5098,-0.74404 0.235,-1.48349 1.6658,-0.24106 1.0282,0.0303 0.566,0.11584 0.476,-1.98292 -0.5568,-0.15372 -0.9299,-0.4398 -1.3749,-0.97107 0.4642,-1.42851 1.683,0.0225 1.0108,0.1908 0.5409,0.203 0.7804,-1.8841 -0.5259,-0.2389 -0.8497,-0.5798 -1.206,-1.1742 0.6819,-1.3383 1.6588,0.2855 0.9685,0.3466 0.5024,0.285 1.0656,-1.7388 -0.4821,-0.3182 -0.7485,-0.7056 -1.0075,-1.3485 0.8829,-1.2151 1.5937,0.5415 0.9024,0.4938 0.4516,0.3602 1.3244,-1.5507 -0.4263,-0.3898 -0.6289,-0.814 -0.7842,-1.4894 1.0621,-1.0621 1.4894,0.7842 0.814,0.6289 0.3898,0.4263 1.5507,-1.3244 -0.3602,-0.4516 -0.4938,-0.9024 -0.5415,-1.5937 1.2151,-0.8829 1.3485,1.0075 0.7056,0.7485 0.3182,0.4821 1.7388,-1.0656 -0.285,-0.5024 -0.3466,-0.9685 -0.2855,-1.6588 1.3383,-0.6819 1.1742,1.206 0.5798,0.8497 0.2389,0.5259 1.8841,-0.7804 -0.203,-0.5409 -0.1908,-1.0108 -0.0225,-1.683 1.42851,-0.4642 0.97107,1.3749 0.4398,0.9299 0.15372,0.5568 1.98292,-0.476 -0.11584,-0.566 -0.0303,-1.0282 0.24106,-1.6658 1.48349,-0.235 0.74404,1.5098 0.28892,0.9873 0.06471,0.574 2.03298,-0.16 -0.02588,-0.5771 0.13092,-1.0203 0.49869,-1.6076 h 1.50198 l 0.49869,1.6076 0.13092,1.0203 -0.02588,0.5771 2.03298,0.16 0.06471,-0.574 0.28892,-0.9873 0.74404,-1.5098 1.48349,0.235 0.24106,1.6658 -0.0303,1.0282 -0.11584,0.566 1.98292,0.476 0.15372,-0.5568 0.4398,-0.9299 0.97107,-1.3749 1.42851,0.4642 -0.0225,1.683 -0.1908,1.0108 -0.203,0.5409 1.8841,0.7804 0.2389,-0.5259 0.5798,-0.8497 1.1742,-1.206 1.3383,0.6819 -0.2855,1.6588 -0.3466,0.9685 -0.285,0.5024 1.7388,1.0656 0.3182,-0.4821 0.7056,-0.7485 1.3485,-1.0075 1.2151,0.8829 -0.5415,1.5937 -0.4938,0.9024 -0.3602,0.4516 1.5507,1.3244 0.3898,-0.4263 0.814,-0.6289 1.4894,-0.7842 1.0621,1.0621 -0.7842,1.4894 -0.6289,0.814 -0.4263,0.3898 1.3244,1.5507 0.4516,-0.3602 0.9024,-0.4938 1.5937,-0.5415 0.8829,1.2151 -1.0075,1.3485 -0.7485,0.7056 -0.4821,0.3182 1.0656,1.7388 0.5024,-0.285 0.9685,-0.3466 1.6588,-0.2855 0.6819,1.3383 -1.206,1.1742 -0.8497,0.5798 -0.5259,0.2389 0.7804,1.8841 0.5409,-0.203 1.0108,-0.1908 1.683,-0.0225 0.4642,1.42851 -1.3749,0.97107 -0.9299,0.4398 -0.5568,0.15372 0.476,1.98292 0.566,-0.11584 1.0282,-0.0303 1.6658,0.24106 0.235,1.48349 -1.5098,0.74404 -0.9873,0.28892 -0.574,0.06471 z"
         id="path169" />
      <circle
         style="fill:none;stroke:#000000;stroke-width:0.264583"
         id="path171"
         cx="0"
         cy="0"
         r="1.5" />
    </g>
    <g
       inkscape:label="Rendered Gears"
       transform="translate(103.664, 91.8737)"
       id="g190">
      <path
         style="fill:none;stroke:#000000;stroke-width:0.26458333333333334"
         d="M 36.5788 -1.40055 L 36.9534 -1.41489 L 38.1767 -1.24978 L 39.7814 -0.76316 L 39.7814 0.76316 L 38.1767 1.24978 L 36.9534 1.41489 L 36.5788 1.40055 L 36.4487 3.38593 L 36.822 3.42061 L 38.0133 3.74398 L 39.5407 4.43588 L 39.3415 5.94915 L 37.687 6.22215 L 36.4526 6.22618 L 36.0831 6.16306 L 35.6949 8.11447 L 36.0605 8.19757 L 37.1994 8.67367 L 38.6234 9.55903 L 38.2284 11.0334 L 36.5524 11.0881 L 35.3281 10.9309 L 34.9699 10.8201 L 34.3304 12.7042 L 34.682 12.8343 L 35.749 13.455 L 37.0453 14.5186 L 36.4612 15.9288 L 34.7924 15.7643 L 33.5991 15.4487 L 33.2585 15.292 L 32.3785 17.0765 L 32.7101 17.2514 L 33.6869 18.006 L 34.8333 19.2298 L 34.0701 20.5516 L 32.4371 20.1707 L 31.2952 19.702 L 30.9779 19.5023 L 29.8725 21.1566 L 30.1785 21.3733 L 31.0485 22.249 L 32.0253 23.6119 L 31.0961 24.8228 L 29.5268 24.232 L 28.4558 23.6183 L 28.1673 23.3789 L 26.8555 24.8748 L 27.1305 25.1295 L 27.8788 26.1113 L 28.6694 27.5901 L 27.5901 28.6694 L 26.1113 27.8788 L 25.1295 27.1305 L 24.8748 26.8555 L 23.3789 28.1673 L 23.6183 28.4558 L 24.232 29.5268 L 24.8228 31.0961 L 23.6119 32.0253 L 22.249 31.0485 L 21.3733 30.1785 L 21.1566 29.8725 L 19.5023 30.9779 L 19.702 31.2952 L 20.1707 32.4371 L 20.5516 34.0701 L 19.2298 34.8333 L 18.006 33.6869 L 17.2514 32.7101 L 17.0765 32.3785 L 15.292 33.2585 L 15.4487 33.5991 L 15.7643 34.7924 L 15.9288 36.4612 L 14.5186 37.0453 L 13.455 35.749 L 12.8343 34.682 L 12.7042 34.3304 L 10.8201 34.9699 L 10.9309 35.3281 L 11.0881 36.5524 L 11.0334 38.2284 L 9.55903 38.6234 L 8.67367 37.1994 L 8.19757 36.0605 L 8.11447 35.6949 L 6.16306 36.0831 L 6.22618 36.4526 L 6.22215 37.687 L 5.94915 39.3415 L 4.43588 39.5407 L 3.74398 38.0133 L 3.42061 36.822 L 3.38593 36.4487 L 1.40055 36.5788 L 1.41489 36.9534 L 1.24978 38.1767 L 0.76316 39.7814 L -0.76316 39.7814 L -1.24978 38.1767 L -1.41489 36.9534 L -1.40055 36.5788 L -3.38593 36.4487 L -3.42061 36.822 L -3.74398 38.0133 L -4.43588 39.5407 L -5.94915 39.3415 L -6.22215 37.687 L -6.22618 36.4526 L -6.16306 36.0831 L -8.11447 35.6949 L -8.19757 36.0605 L -8.67367 37.1994 L -9.55903 38.6234 L -11.0334 38.2284 L -11.0881 36.5524 L -10.9309 35.3281 L -10.8201 34.9699 L -12.7042 34.3304 L -12.8343 34.682 L -13.455 35.749 L -14.5186 37.0453 L -15.9288 36.4612 L -15.7643 34.7924 L -15.4487 33.5991 L -15.292 33.2585 L -17.0765 32.3785 L -17.2514 32.7101 L -18.006 33.6869 L -19.2298 34.8333 L -20.5516 34.0701 L -20.1707 32.4371 L -19.702 31.2952 L -19.5023 30.9779 L -21.1566 29.8725 L -21.3733 30.1785 L -22.249 31.0485 L -23.6119 32.0253 L -24.8228 31.0961 L -24.232 29.5268 L -23.6183 28.4558 L -23.3789 28.1673 L -24.8748 26.8555 L -25.1295 27.1305 L -26.1113 27.8788 L -27.5901 28.6694 L -28.6694 27.5901 L -27.8788 26.1113 L -27.1305 25.1295 L -26.8555 24.8748 L -28.1673 23.3789 L -28.4558 23.6183 L -29.5268 24.232 L -31.0961 24.8228 L -32.0253 23.6119 L -31.0485 22.249 L -30.1785 21.3733 L -29.8725 21.1566 L -30.9779 19.5023 L -31.2952 19.702 L -32.4371 20.1707 L -34.0701 20.5516 L -34.8333 19.2298 L -33.6869 18.006 L -32.7101 17.2514 L -32.3785 17.0765 L -33.2585 15.292 L -33.5991 15.4487 L -34.7924 15.7643 L -36.4612 15.9288 L -37.0453 14.5186 L -35.749 13.455 L -34.682 12.8343 L -34.3304 12.7042 L -34.9699 10.8201 L -35.3281 10.9309 L -36.5524 11.0881 L -38.2284 11.0334 L -38.6234 9.55903 L -37.1994 8.67367 L -36.0605 8.19757 L -35.6949 8.11447 L -36.0831 6.16306 L -36.4526 6.22618 L -37.687 6.22215 L -39.3415 5.94915 L -39.5407 4.43588 L -38.0133 3.74398 L -36.822 3.42061 L -36.4487 3.38593 L -36.5788 1.40055 L -36.9534 1.41489 L -38.1767 1.24978 L -39.7814 0.76316 L -39.7814 -0.76316 L -38.1767 -1.24978 L -36.9534 -1.41489 L -36.5788 -1.40055 L -36.4487 -3.38593 L -36.822 -3.42061 L -38.0133 -3.74398 L -39.5407 -4.43588 L -39.3415 -5.94915 L -37.687 -6.22215 L -36.4526 -6.22618 L -36.0831 -6.16306 L -35.6949 -8.11447 L -36.0605 -8.19757 L -37.1994 -8.67367 L -38.6234 -9.55903 L -38.2284 -11.0334 L -36.5524 -11.0881 L -35.3281 -10.9309 L -34.9699 -10.8201 L -34.3304 -12.7042 L -34.682 -12.8343 L -35.749 -13.455 L -37.0453 -14.5186 L -36.4612 -15.9288 L -34.7924 -15.7643 L -33.5991 -15.4487 L -33.2585 -15.292 L -32.3785 -17.0765 L -32.7101 -17.2514 L -33.6869 -18.006 L -34.8333 -19.2298 L -34.0701 -20.5516 L -32.4371 -20.1707 L -31.2952 -19.702 L -30.9779 -19.5023 L -29.8725 -21.1566 L -30.1785 -21.3733 L -31.0485 -22.249 L -32.0253 -23.6119 L -31.0961 -24.8228 L -29.5268 -24.232 L -28.4558 -23.6183 L -28.1673 -23.3789 L -26.8555 -24.8748 L -27.1305 -25.1295 L -27.8788 -26.1113 L -28.6694 -27.5901 L -27.5901 -28.6694 L -26.1113 -27.8788 L -25.1295 -27.1305 L -24.8748 -26.8555 L -23.3789 -28.1673 L -23.6183 -28.4558 L -24.232 -29.5268 L -24.8228 -31.0961 L -23.6119 -32.0253 L -22.249 -31.0485 L -21.3733 -30.1785 L -21.1566 -29.8725 L -19.5023 -30.9779 L -19.702 -31.2952 L -20.1707 -32.4371 L -20.5516 -34.0701 L -19.2298 -34.8333 L -18.006 -33.6869 L -17.2514 -32.7101 L -17.0765 -32.3785 L -15.292 -33.2585 L -15.4487 -33.5991 L -15.7643 -34.7924 L -15.9288 -36.4612 L -14.5186 -37.0453 L -13.455 -35.749 L -12.8343 -34.682 L -12.7042 -34.3304 L -10.8201 -34.9699 L -10.9309 -35.3281 L -11.0881 -36.5524 L -11.0334 -38.2284 L -9.55903 -38.6234 L -8.67367 -37.1994 L -8.19757 -36.0605 L -8.11447 -35.6949 L -6.16306 -36.0831 L -6.22618 -36.4526 L -6.22215 -37.687 L -5.94915 -39.3415 L -4.43588 -39.5407 L -3.74398 -38.0133 L -3.42061 -36.822 L -3.38593 -36.4487 L -1.40055 -36.5788 L -1.41489 -36.9534 L -1.24978 -38.1767 L -0.76316 -39.7814 L 0.76316 -39.7814 L 1.24978 -38.1767 L 1.41489 -36.9534 L 1.40055 -36.5788 L 3.38593 -36.4487 L 3.42061 -36.822 L 3.74398 -38.0133 L 4.43588 -39.5407 L 5.94915 -39.3415 L 6.22215 -37.687 L 6.22618 -36.4526 L 6.16306 -36.0831 L 8.11447 -35.6949 L 8.19757 -36.0605 L 8.67367 -37.1994 L 9.55903 -38.6234 L 11.0334 -38.2284 L 11.0881 -36.5524 L 10.9309 -35.3281 L 10.8201 -34.9699 L 12.7042 -34.3304 L 12.8343 -34.682 L 13.455 -35.749 L 14.5186 -37.0453 L 15.9288 -36.4612 L 15.7643 -34.7924 L 15.4487 -33.5991 L 15.292 -33.2585 L 17.0765 -32.3785 L 17.2514 -32.7101 L 18.006 -33.6869 L 19.2298 -34.8333 L 20.5516 -34.0701 L 20.1707 -32.4371 L 19.702 -31.2952 L 19.5023 -30.9779 L 21.1566 -29.8725 L 21.3733 -30.1785 L 22.249 -31.0485 L 23.6119 -32.0253 L 24.8228 -31.0961 L 24.232 -29.5268 L 23.6183 -28.4558 L 23.3789 -28.1673 L 24.8748 -26.8555 L 25.1295 -27.1305 L 26.1113 -27.8788 L 27.5901 -28.6694 L 28.6694 -27.5901 L 27.8788 -26.1113 L 27.1305 -25.1295 L 26.8555 -24.8748 L 28.1673 -23.3789 L 28.4558 -23.6183 L 29.5268 -24.232 L 31.0961 -24.8228 L 32.0253 -23.6119 L 31.0485 -22.249 L 30.1785 -21.3733 L 29.8725 -21.1566 L 30.9779 -19.5023 L 31.2952 -19.702 L 32.4371 -20.1707 L 34.0701 -20.5516 L 34.8333 -19.2298 L 33.6869 -18.006 L 32.7101 -17.2514 L 32.3785 -17.0765 L 33.2585 -15.292 L 33.5991 -15.4487 L 34.7924 -15.7643 L 36.4612 -15.9288 L 37.0453 -14.5186 L 35.749 -13.455 L 34.682 -12.8343 L 34.3304 -12.7042 L 34.9699 -10.8201 L 35.3281 -10.9309 L 36.5524 -11.0881 L 38.2284 -11.0334 L 38.6234 -9.55903 L 37.1994 -8.67367 L 36.0605 -8.19757 L 35.6949 -8.11447 L 36.0831 -6.16306 L 36.4526 -6.22618 L 37.687 -6.22215 L 39.3415 -5.94915 L 39.5407 -4.43588 L 38.0133 -3.74398 L 36.822 -3.42061 L 36.4487 -3.38593 z"
         id="path186" />
      <path
         sodipodi:cx="0"
         sodipodi:cy="0"
         sodipodi:rx="1.5"
         sodipodi:ry="1.5"
         sodipodi:type="arc"
         style="fill:none;stroke:#000000;stroke-width:0.26458333333333334"
         id="path188" />
    </g>
    <g
       inkscape:label="Rendered Gears"
       transform="translate(150.77844,30.571871)"
       id="g210">
      <path
         style="fill:none;stroke:#000000;stroke-width:0.264583"
         d="m 6.2822,-1.03074 1.32042,-0.21665 0.25715,0.00252 1.67095,0.64948 V 0.59539 L 7.85977,1.24487 7.60262,1.24739 6.2822,1.03074 5.68826,2.8587 6.88385,3.45955 7.0904,3.61274 8.06047,5.12034 7.36055,6.0837 5.62698,5.62698 5.41745,5.47787 4.47655,4.52647 2.9216,5.65621 3.53568,6.84506 3.61274,7.0904 3.5114,8.88027 2.3789,9.24824 1.24487,7.85977 1.163,7.61599 0.96101,6.29324 H -0.96101 L -1.163,7.61599 -1.24487,7.85977 -2.3789,9.24824 -3.5114,8.88027 -3.61274,7.0904 -3.53568,6.84506 -2.9216,5.65621 -4.47655,4.52647 -5.41745,5.47787 -5.62698,5.62698 -7.36055,6.0837 -8.06047,5.12034 -7.0904,3.61274 -6.88385,3.45955 -5.68826,2.8587 -6.2822,1.03074 -7.60262,1.24739 -7.85977,1.24487 -9.53072,0.59539 v -1.19078 l 1.67095,-0.64948 0.25715,-0.00252 1.32042,0.21665 0.59394,-1.82796 -1.19559,-0.60085 -0.20655,-0.15319 -0.97007,-1.5076 0.69992,-0.96336 1.73357,0.45672 0.20953,0.14911 0.9409,0.9514 1.55495,-1.12974 -0.61408,-1.18885 -0.07706,-0.24534 0.10134,-1.78987 1.1325,-0.36797 1.13403,1.38847 0.08187,0.24378 0.20199,1.32275 H 0.96101 L 1.163,-7.61599 1.24487,-7.85977 2.3789,-9.24824 l 1.1325,0.36797 0.10134,1.78987 -0.07706,0.24534 -0.61408,1.18885 1.55495,1.12974 0.9409,-0.9514 0.20953,-0.14911 1.73357,-0.45672 0.69992,0.96336 -0.97007,1.5076 -0.20655,0.15319 -1.19559,0.60085 z"
         id="path206" />
      <circle
         style="fill:none;stroke:#000000;stroke-width:0.264583"
         id="path208"
         cx="0"
         cy="0"
         r="1.5" />
    </g>
    <g
       inkscape:label="Rendered Gears"
       transform="translate(107.79895,25.539942)"
       id="g259">
      <path
         style="fill:none;stroke:#000000;stroke-width:0.264583"
         d="m 11.081,-1.15345 1.1796,-0.12279 0.4105,0.02825 1.6375,0.58535 V 0.66264 L 12.6711,1.24799 12.2606,1.27624 11.081,1.15345 10.6789,3.17485 11.8157,3.51283 12.1841,3.69602 13.473,4.86347 12.9658,6.08787 11.229,6.00201 10.8389,5.87102 9.79608,5.30616 8.65105,7.01982 9.57199,7.76711 9.84227,8.07735 10.5863,9.64916 9.64916,10.5863 8.07735,9.84227 7.76711,9.57199 7.01982,8.65105 5.30616,9.79608 5.87102,10.8389 6.00201,11.229 6.08787,12.9658 4.86347,13.473 3.69602,12.1841 3.51283,11.8157 3.17485,10.6789 1.15345,11.081 1.27624,12.2606 1.24799,12.6711 0.66264,14.3086 h -1.32528 l -0.58535,-1.6375 -0.02825,-0.4105 0.12279,-1.1796 -2.0214,-0.4021 -0.33798,1.1368 -0.18319,0.3684 -1.16745,1.2889 -1.2244,-0.5072 0.08586,-1.7368 0.13099,-0.3901 0.56486,-1.04282 -1.71366,-1.14503 -0.74729,0.92094 -0.31024,0.27028 -1.57181,0.74403 -0.93714,-0.93714 0.74403,-1.57181 0.27028,-0.31024 0.92094,-0.74729 -1.14503,-1.71366 -1.04282,0.56486 -0.3901,0.13099 -1.7368,0.08586 -0.5072,-1.2244 1.2889,-1.16745 0.3684,-0.18319 1.1368,-0.33798 -0.4021,-2.0214 -1.1796,0.12279 -0.4105,-0.02825 -1.6375,-0.58535 v -1.32528 l 1.6375,-0.58535 0.4105,-0.02825 1.1796,0.12279 0.4021,-2.0214 -1.1368,-0.33798 -0.3684,-0.18319 -1.2889,-1.16745 0.5072,-1.2244 1.7368,0.08586 0.3901,0.13099 1.04282,0.56486 1.14503,-1.71366 -0.92094,-0.74729 -0.27028,-0.31024 -0.74403,-1.57181 0.93714,-0.93714 1.57181,0.74403 0.31024,0.27028 0.74729,0.92094 1.71366,-1.14503 -0.56486,-1.04282 -0.13099,-0.3901 -0.08586,-1.7368 1.2244,-0.5072 1.16745,1.2889 0.18319,0.3684 0.33798,1.1368 2.0214,-0.4021 -0.12279,-1.1796 0.02825,-0.4105 0.58535,-1.6375 h 1.32528 l 0.58535,1.6375 0.02825,0.4105 -0.12279,1.1796 2.0214,0.4021 0.33798,-1.1368 0.18319,-0.3684 1.16745,-1.2889 1.2244,0.5072 -0.08586,1.7368 -0.13099,0.3901 -0.56486,1.04282 1.71366,1.14503 0.74729,-0.92094 0.31024,-0.27028 1.57181,-0.74403 0.93714,0.93714 -0.74403,1.57181 -0.27028,0.31024 -0.92094,0.74729 1.14503,1.71366 1.04282,-0.56486 0.3901,-0.13099 1.7368,-0.08586 0.5072,1.2244 -1.2889,1.16745 -0.3684,0.18319 -1.1368,0.33798 z"
         id="path255" />
      <circle
         style="fill:none;stroke:#000000;stroke-width:0.264583"
         id="path257"
         cx="0"
         cy="0"
         r="1.5" />
    </g>
  </g>
</svg>
